[gd_scene load_steps=6 format=2]

[ext_resource path="res://Scene/Objects/Irrigation2.tscn" type="PackedScene" id=1]
[ext_resource path="res://Scene/Objects/Zeppelin2.tscn" type="PackedScene" id=2]
[ext_resource path="res://Environment/hdri.webp" type="Texture" id=3]

[sub_resource type="PanoramaSky" id=1]
panorama = ExtResource( 3 )

[sub_resource type="Environment" id=2]
background_mode = 3
background_sky = SubResource( 1 )
background_color = Color( 1, 1, 1, 1 )
fog_enabled = true
tonemap_mode = 1
tonemap_exposure = 0.42
tonemap_white = 2.66
ssao_enabled = true
glow_enabled = true

[node name="Spatial" type="Spatial"]

[node name="Zeppelin" parent="." instance=ExtResource( 2 )]
transform = Transform( 0.541738, 0, -0.840548, 0, 1, 0, 0.840548, 0, 0.541738, -2.3352, 2.74722, 0.0421145 )

[node name="Irrigation" parent="." instance=ExtResource( 1 )]

[node name="WorldEnvironment" type="WorldEnvironment" parent="."]
environment = SubResource( 2 )

[node name="DirectionalLight" type="DirectionalLight" parent="."]
transform = Transform( 1, 0, 0, 0, 0.0423464, 0.999103, 0, -0.999103, 0.0423464, -1.19209e-07, 0.13098, 2.31921 )
light_energy = 4.0
shadow_enabled = true

[node name="DirectionalLight2" type="DirectionalLight" parent="."]
transform = Transform( 1, 0, 0, 0, 0.521054, 0.853524, 0, -0.853524, 0.521054, 0, 0, 0 )
